  -1   18   -1   -1   20    1    3   -1   -1   -1   -1    4   -1   19   -1
  17   -1    6    5   17   -1   -1   -1   11    8   -1   -1    8    1   -1
  -1   -1   -1    3    6   10   -1   13    4    1    2    4   -1    6   -1
   1   -1    2   -1   -1    6    2   -1   15   -1   -1   -1   15    1   -1
  -1   -1    3    5   -1   15   -1   -1    5   -1   17   -1   -1   -1    6
  -1   15   -1   -1   -1   -1   19   -1   -1   -1   -1   11    5   10   -1
  -1   -1   -1   11   -1   12   -1   -1   19   -1    5   15   18   20   -1
  -1   -1   12   -1    2   11    1   -1   -1   -1   11   -1   20    5    9
  -1   -1   13    7    1   -1   -1   -1   -1   10   -1   19    3   18   -1
  -1   16   -1   -1    4   14    6   -1   -1   -1   -1   -1    1   -1   -1
  -1   -1   -1   -1   19   -1   14    1   -1    2   -1   16   14    4   11
  12   10   -1    9   14   13   13    9   -1   -1    2   -1   -1   11   12
  11   -1   15    5   -1   -1   16   -1   16   11   -1    1   -1    7   -1
   8   -1   -1    2   -1    4    7   -1   -1    4   -1   20   -1   -1   14
  17    6   -1   -1    2    8   -1    6   10   -1    9   -1   -1   15   -1
