-0.021894
-0.043075
-0.065497
-0.086315
-0.108501
-0.129931
-0.150522
-0.173920
-0.191695
-0.217399
-0.233297
-0.258448
-0.276885
-0.296408
-0.320807
-0.335133
-0.359754
-0.378181
-0.394687
-0.418741
-0.434340
-0.452537
-0.473796
-0.489486
-0.507570
-0.525578
-0.541620
-0.560531
-0.575862
-0.587946
-0.607527
-0.628317
-0.637272
-0.643004
-0.661517
-0.688173
-0.705589
-0.708600
-0.707367
-0.711200
-0.718188
-0.719220
-0.706790
-0.679182
-0.639192
-0.591051
-0.538318
-0.483260
-0.427074
-0.370313
-0.313218
-0.255894
-0.198401
-0.140779
-0.083069
-0.025306
0.032473
0.090231
0.147933
0.205541
0.263020
0.320332
0.377443
0.434315
0.490913
0.547202
0.603145
0.658707
0.713854
0.768551
0.822762
0.876455
0.929594
0.982147
1.034080
1.085361
1.135957
1.185836
1.234967
1.283318
1.330860
1.377562
1.423395
1.468330
1.512338
1.555392
1.597465
1.638529
1.678560
1.717532
1.755420
1.792200
1.827849
1.862345
1.895666
1.927791
1.958699
1.988372
2.016789
2.043935
2.069791
2.094340
2.117568
2.139460
2.160002
2.179181
2.196985
2.213403
2.228425
2.242040
2.254240
2.265018
2.274367
2.282281
2.288755
2.293784
2.297366
2.299499
2.300181
2.299411
2.297190
2.293520
2.288403
2.281842
2.273841
2.264405
2.253541
2.241254
2.227554
2.212447
2.195945
2.178057
2.158795
2.138171
2.116198
2.092889
2.068260
2.042325
2.015102
1.986608
1.956860
1.925877
1.893679
1.860287
1.825720
1.790001
1.753153
1.715199
1.676163
1.636068
1.594942
1.552809
1.509696
1.465631
1.420641
1.374755
1.328001
1.280409
1.232009
1.182832
1.132909
1.082270
1.030949
0.978977
0.926388
0.873214
0.819490
0.765247
0.710523
0.655349
0.599763
0.543798
0.487489
0.430873
0.373986
0.316862
0.259538
0.202051
0.144436
0.086730
0.028969
-0.028810
-0.086570
-0.144277
-0.201892
-0.259380
-0.316704
-0.373828
-0.430717
-0.487333
-0.543642
-0.599608
-0.655196
-0.710371
-0.765097
-0.819340
-0.873067
-0.926242
-0.978833
-1.030807
-1.082129
-1.132770
-1.182695
-1.231871
-1.280262
-1.327816
-1.374437
-1.419918
-1.463796
-1.505151
-1.542430
-1.573614
-1.597123
-1.613450
-1.626341
-1.641347
-1.661180
-1.682092
-1.697586
-1.707464
-1.718859
-1.734319
-1.746532
-1.752636
-1.760745
-1.771707
-1.776699
-1.779388
-1.786540
-1.789361
-1.788393
-1.792038
-1.791020
-1.787348
-1.787859
-1.781777
-1.776966
-1.772838
-1.762589
-1.757293
-1.745887
-1.735924
-1.725240
-1.710463
-1.699533
-1.681499
-1.668825
-1.648803
-1.633613
-1.612048
-1.594320
-1.571087
-1.551202
-1.525935
-1.504399
-1.476726
-1.453946
-1.423752
-1.399695
-1.367544
-1.341278
-1.308774
-1.278457
-1.247580
-1.212085
-1.182569
-1.144551
-1.111739
-1.076867
-1.037052
-1.004506
-0.964491
-0.924695
-0.890553
-0.847531
-0.806509
-0.771242
-0.727148
-0.682646
-0.646457
-0.604807
-0.555884
-0.514134
-0.477813
-0.433030
-0.381255
-0.336125
-0.300465
-0.262862
-0.213810
-0.156297
-0.101315
-0.058165
-0.029699
-0.013568
-0.005581
-0.002079
-0.000705
-0.000219
-0.000062
-0.000016
-0.000004
-0.000001
-0.000000
-0.000000
-0.000000
-0.000000
-0.000000
-0.000000
-0.000000
-0.000000
-0.000000
-0.000000
-0.000000
-0.000000
-0.000000
-0.000000
-0.000000
-0.000000
-0.000000
-0.000000
-0.000000
-0.000000
-0.000000
-0.000000
-0.000000
-0.000000
-0.000000
-0.000000
-0.000000
-0.000000
-0.000000
-0.000000
-0.000000
-0.000000
-0.000000
-0.000000
-0.000000
-0.000000
-0.000000
-0.000000
-0.000000
-0.000000
-0.000000
-0.000000
-0.000000
-0.000000
-0.000000
-0.000000
-0.000000
-0.000000
-0.000000
-0.000000
-0.000000
-0.000000
-0.000000
-0.000000
-0.000000
-0.000000
-0.000000
0.000000
0.000000
0.000000
0.000000
0.000000
0.000000
0.000000
0.000000
0.000000
0.000000
0.000000
0.000000
0.000000
0.000000
0.000000
0.000000
0.000000
0.000000
0.000000
0.000000
0.000000
0.000000
0.000000
0.000000
0.000000
0.000000
0.000000
0.000000
0.000000
0.000000
0.000000
0.000000
0.000000
0.000000
0.000000
0.000000
0.000000
0.000000
0.000000
0.000000
0.000000
0.000000
0.000000
0.000000
0.000000
0.000000
0.000000
0.000000
0.000000
0.000000
0.000000
0.000000
0.000000
0.000000
0.000000
0.000000
0.000000
0.000000
0.000000
0.000000
0.000000
0.000000
0.000000
0.000000
0.000000
0.000000
0.000000
0.000000
0.000000
0.000000
0.000000
0.000000
0.000000
0.000000
0.000000
0.000000
0.000000
0.000000
0.000000
0.000000
0.000000
0.000000
0.000000
0.000000
0.000000
0.000000
0.000000
0.000000
0.000000
0.000000
0.000000
0.000000
0.000000
0.000000
0.000000
0.000000
0.000000
0.000000
0.000000
0.000000
0.000000
0.000000
0.000000
0.000000
0.000000
0.000000
0.000000
0.000000
0.000000
0.000000
0.000000
0.000000
0.000000
0.000000
0.000000
0.000000
0.000000
0.000000
0.000000
0.000000
0.000000
0.000000
0.000000
0.000000
0.000000
0.000000
0.000000
0.000000
0.000000
0.000000
0.000000
0.000000
0.000000
0.000000
0.000000
0.000000
0.000000
0.000000
0.000000
0.000000
0.000000
0.000000
0.000000
0.000000
0.000000
0.000000
0.000000
0.000000
0.000000
0.000000
0.000000
0.000000
0.000000
0.000000
0.000000
0.000000
0.000000
0.000000
0.000000
0.000000
0.000000
0.000000
0.000000
0.000000
0.000000
0.000000
0.000000
0.000000
0.000000
0.000000
0.000000
0.000000
0.000000
0.000000
0.000000
0.000000
0.000000
0.000000
0.000000
0.000000
0.000000
0.000000
0.000000
0.000000
0.000000
0.000000
0.000000
0.000000
0.000000
0.000000
0.000000
0.000000
0.000000
0.000000
0.000000
0.000000
0.000000
0.000000
0.000000
0.000000
0.000000
0.000000
0.000000
0.000000
0.000000
0.000000
0.000000
0.000000
0.000000
0.000000
0.000000
0.000000
0.000000
0.000000
0.000000
0.000000
0.000000
0.000000
0.000000
0.000000
0.000000
0.000000
0.000000
0.000000
0.000000
0.000000
0.000000
0.000000
0.000000
0.000000
0.000000
0.000000
0.000000
0.000000
0.000000
0.000000
0.000000
0.000000
0.000000
0.000000
0.000000
0.000000
0.000000
0.000000
0.000000
0.000000
0.000000
0.000000
0.000000
0.000000
0.000000
0.000000
0.000000
0.000000
0.000000
0.000000
0.000000
0.000000
0.000000
0.000000
0.000000
0.000000
0.000000
0.000000
0.000000
0.000000
0.000000
0.000000
0.000000
0.000000
0.000000
0.000000
0.000000
0.000000
0.000000
0.000000
0.000000
0.000000
0.000000
0.000000
0.000000
0.000000
0.000000
0.000000
0.000000
0.000000
0.000000
0.000000
0.000000
0.000000
0.000000
0.000000
0.000000
0.000000
0.000000
0.000000
0.000000
0.000000
0.000000
0.000000
0.000000
0.000000
0.000000
0.000000
0.000000
0.000000
0.000000
0.000000
0.000000
0.000000
0.000000
0.000000
0.000000
0.000000
0.000000
0.000000
0.000000
0.000000
0.000000
0.000000
0.000000
0.000000
0.000000
0.000000
0.000000
0.000000
0.000000
0.000000
0.000000
0.000000
0.000000
0.000000
0.000000
0.000000
0.000000
0.000000
0.000000
0.000000
0.000000
0.000000
0.000000
0.000000
0.000000
0.000000
0.000000
0.000000
0.000000
0.000000
0.000000
0.000000
0.000000
0.000000
0.000000
0.000000
0.000000
0.000000
0.000000
0.000000
0.000000
0.000000
0.000000
0.000000
0.000000
0.000000
0.000000
0.000000
0.000000
0.000000
0.000000
0.000000
0.000000
0.000000
0.000000
0.000000
0.000000
0.000000
0.000000
0.000000
0.000000
0.000000
0.000000
0.000000
0.000000
0.000000
0.000000
0.000000
0.000000
0.000000
0.000000
0.000000
0.000000
0.000000
0.000000
0.000000
0.000000
0.000000
0.000000
0.000000
0.000000
0.000000
0.000000
0.000000
0.000000
0.000000
0.000000
0.000000
0.000000
0.000000
0.000000
0.000000
0.000000
0.000000
0.000000
0.000000
0.000000
0.000000
0.000000
0.000000
0.000000
0.000000
0.000000
0.000000
0.000000
0.000000
0.000000
0.000000
0.000000
0.000000
0.000000
0.000000
0.000000
0.000000
0.000000
0.000000
0.000000
0.000000
0.000000
0.000000
0.000000
0.000000
0.000000
0.000000
0.000000
0.000000
0.000000
0.000000
0.000000
0.000000
0.000000
0.000000
0.000000
0.000000
0.000000
0.000000
0.000000
0.000000
0.000000
0.000000
0.000000
0.000000
0.000000
0.000000
0.000000
0.000000
0.000000
0.000000
0.000000
0.000000
0.000000
0.000000
0.000000
0.000000
0.000000
0.000000
0.000000
0.000000
0.000000
0.000000
0.000000
0.000000
0.000000
0.000000
0.000000
0.000000
0.000000
0.000000
0.000000
0.000000
0.000000
0.000000
0.000000
0.000000
0.000000
0.000000
0.000000
0.000000
0.000000
0.000000
0.000000
0.000000
0.000000
0.000000
0.000000
0.000000
0.000000
0.000000
0.000000
0.000000
0.000000
0.000000
0.000000
0.000000
0.000000
0.000000
0.000000
0.000000
0.000000
0.000000
0.000000
0.000000
0.000000
0.000000
0.000000
0.000000
0.000000
0.000000
0.000000
0.000000
0.000000
0.000000
0.000000
0.000000
0.000000
0.000000
0.000000
0.000000
0.000000
0.000000
0.000000
0.000000
0.000000
0.000000
0.000000
0.000000
0.000000
0.000000
0.000000
0.000000
0.000000
0.000000
0.000000
0.000000
0.000000
0.000000
0.000000
0.000000
0.000000
0.000000
0.000000
0.000000
0.000000
0.000000
0.000000
0.000000
0.000000
0.000000
0.000000
0.000000
0.000000
0.000000
0.000000
0.000000
0.000000
0.000000
0.000000
0.000000
0.000000
0.000000
0.000000
0.000000
0.000000
0.000000
0.000000
0.000000
0.000000
0.000000
0.000000
0.000000
0.000000
0.000000
0.000000
0.000000
0.000000
0.000000
0.000000
0.000000
0.000000
0.000000
0.000000
0.000000
0.000000
0.000000
0.000000
0.000000
0.000000
0.000000
0.000000
0.000000
0.000000
0.000000
0.000000
0.000000
0.000000
0.000000
0.000000
0.000000
0.000000
0.000000
0.000000
0.000000
0.000000
0.000000
0.000000
0.000000
0.000000
0.000000
0.000000
0.000000
0.000000
0.000000
0.000000
0.000000
0.000000
0.000000
0.000000
0.000000
0.000000
0.000000
0.000000
0.000000
