4 5
0.000000 0.000000
1.020703 0.995478
2.020703 0.977044
3.000000 0.000000
4.000000 0.000000
5.000000 0.000000
6.000000 0.000000
7.869531 0.000000
7.668749 0.811130
9.103515 1.142956
10.372655 0.663653
10.585937 0.018435
11.606640 -0.036870
13.668750 0.000000
16.000000 0.000000
20.000000 0.000000
0.000000 0.000000
1.000000 0.000000
2.000000 0.000000
3.000000 0.000000
3.834375 0.424000
4.772266 0.479304
6.000000 0.000000
7.000000 0.000000
8.000000 -0.202783
9.000000 -0.202783
10.000000 -0.202783
11.077017 0.132850
12.077017 0.132850
13.269595 0.151285
16.000000 0.000000
20.000000 0.000000
0.000000 0.000000
1.000000 0.000000
1.917187 0.313391
2.917187 0.313391
3.917187 0.313391
5.000000 0.000000
6.000000 0.000000
7.000000 0.000000
8.000000 0.000000
9.000000 0.000000
10.000000 0.000000
11.000000 0.000000
12.000000 0.000000
13.875781 0.645218
16.000000 0.000000
20.000000 0.000000
0.000000 0.000000
1.000000 0.000000
2.062109 0.534609
3.062109 0.534609
4.062110 0.534609
3.861328 0.000000
4.861328 0.000000
7.041407 -1.732870
8.000000 0.000000
9.000000 0.000000
10.000000 0.000000
14.332000 0.000000
14.544000 0.000000
16.399076 0.000000
14.858844 0.257490
18.838140 0.257490
